1.0, 0.23076923076923078, 0.9732142857142857, 0.9103658536585366, 0.6153846153846154, 0.5555555555555556, 0.49217282404508456, 0.35714285714285715
0.9123505976095617, 0.46153846153846156, 0.75, 0.7975609756097561, 0.6153846153846154, 0.41025641025641024, 0.4658735128365686, 0.5
0.9043824701195219, 0.23076923076923078, 0.8214285714285714, 0.7481707317073171, 1.0, 0.7777777777777778, 0.8647463994990607, 0.8571428571428571
0.8007968127490039, 0.07692307692307693, 0.26785714285714285, 0.2603658536585366, 0.3076923076923077, 0.6752136752136753, 0.5967438948027551, 0.5714285714285714
0.796812749003984, 0.3076923076923077, 0.5892857142857143, 0.4475609756097561, 0.46153846153846156, 0.36752136752136755, 0.3913587977457733, 0.07142857142857142
0.7649402390438247, 0.15384615384615385, 0.35714285714285715, 0.35, 0.15384615384615385, 0.6666666666666666, 0.7495303694427051, 0.7142857142857143
0.7091633466135459, 0.15384615384615385, 0.7232142857142857, 0.6567073170731708, 0.38461538461538464, 0.4188034188034188, 0.5385097056981841, 0.5
0.701195219123506, 0.07692307692307693, 0.7857142857142857, 0.8628048780487805, 0.5384615384615384, 0.19658119658119658, 0.22917971195992487, 0.21428571428571427
0.6414342629482072, 0.23076923076923078, 0.5625, 0.5439024390243903, 0.38461538461538464, 0.37606837606837606, 0.43018159048215404, 0.5
0.6095617529880478, 0.38461538461538464, 0.7232142857142857, 0.8085365853658537, 0.6923076923076923, 0.37606837606837606, 0.4376956793988729, 0.14285714285714285
0.5776892430278885, 0.38461538461538464, 0.6428571428571429, 0.5634146341463414, 0.38461538461538464, 0.5384615384615384, 0.5228553537883531, 0.5714285714285714
0.5657370517928287, 0.15384615384615385, 0.5714285714285714, 0.6841463414634147, 0.3076923076923077, 0.41025641025641024, 0.5347526612398247, 0.5714285714285714
0.5577689243027888, 0.9230769230769231, 0.5625, 0.450609756097561, 0.3076923076923077, 0.6153846153846154, 0.7345021916092673, 0.2857142857142857
0.5418326693227091, 0.8461538461538461, 0.75, 0.7152439024390244, 0.5384615384615384, 0.5470085470085471, 0.5760801502817783, 0.2857142857142857
0.5418326693227091, 0.38461538461538464, 0.42857142857142855, 0.37865853658536586, 0.38461538461538464, 0.36752136752136755, 0.4232936756418284, 0.2857142857142857
0.5378486055776892, 0.23076923076923078, 0.8660714285714286, 0.8658536585365854, 0.8461538461538461, 0.8205128205128205, 0.8447088290544772, 0.7857142857142857
0.5258964143426295, 0.38461538461538464, 0.9285714285714286, 0.6402439024390244, 0.46153846153846156, 0.17094017094017094, 0.14652473387601753, 0.21428571428571427
0.5219123505976095, 0.7692307692307693, 0.5535714285714286, 0.4298780487804878, 0.23076923076923078, 0.7777777777777778, 0.8453350031308704, 0.5
0.49800796812749004, 0.3076923076923077, 0.7678571428571429, 0.7817073170731708, 0.8461538461538461, 0.717948717948718, 0.6656230432060113, 0.9285714285714286
0.4820717131474104, 0.7692307692307693, 0.044642857142857144, 0.0871951219512195, 0.0, 0.4700854700854701, 0.509079524107702, 0.35714285714285715
0.46613545816733065, 0.5384615384615384, 0.8839285714285714, 0.7859756097560976, 0.9230769230769231, 1.0, 0.9436443331246086, 0.7857142857142857
0.46613545816733065, 0.6153846153846154, 0.6607142857142857, 0.5713414634146341, 0.38461538461538464, 0.7008547008547008, 0.7219787100814026, 0.7142857142857143
0.46613545816733065, 0.15384615384615385, 0.5714285714285714, 0.6310975609756098, 0.38461538461538464, 0.37606837606837606, 0.3512836568566061, 0.14285714285714285
0.44223107569721115, 0.0, 0.35714285714285715, 0.36890243902439024, 0.46153846153846156, 0.15384615384615385, 0.1859737006887915, 0.21428571428571427
0.43824701195219123, 0.15384615384615385, 0.8303571428571429, 0.6542682926829269, 0.15384615384615385, 0.5384615384615384, 0.3913587977457733, 0.2857142857142857
0.4342629482071713, 0.6153846153846154, 0.6875, 0.7426829268292683, 0.5384615384615384, 0.6068376068376068, 0.8659987476518473, 0.5714285714285714
0.4342629482071713, 0.6153846153846154, 0.5982142857142857, 0.4865853658536585, 0.3076923076923077, 0.29914529914529914, 0.2285535378835316, 0.2857142857142857
0.41832669322709165, 0.7692307692307693, 0.9642857142857143, 0.8542682926829268, 0.38461538461538464, 0.9487179487179487, 1.0, 0.2857142857142857
0.398406374501992, 0.5384615384615384, 0.5178571428571429, 0.4945121951219512, 0.23076923076923078, 0.5384615384615384, 0.49029430181590483, 1.0
0.398406374501992, 0.23076923076923078, 0.4375, 0.47073170731707314, 0.38461538461538464, 0.23931623931623933, 0.2285535378835316, 0.21428571428571427
0.3784860557768924, 0.38461538461538464, 0.09821428571428571, 0.11768292682926829, 0.0, 0.42735042735042733, 0.33312460864120225, 0.2857142857142857
0.3705179282868526, 0.23076923076923078, 0.08928571428571429, 0.054878048780487805, 0.0, 0.37606837606837606, 0.3681903569192235, 0.2857142857142857
0.3705179282868526, 0.3076923076923077, 0.16071428571428573, 0.16951219512195123, 0.07692307692307693, 0.717948717948718, 0.691296180338134, 0.6428571428571429
0.3665338645418327, 0.23076923076923078, 0.21428571428571427, 0.25914634146341464, 0.07692307692307693, 0.008547008547008548, 0.006261740763932373, 0.0
0.3665338645418327, 0.38461538461538464, 1.0, 0.8170731707317073, 0.38461538461538464, 0.36752136752136755, 0.39574201628052597, 0.2857142857142857
0.3545816733067729, 1.0, 0.33035714285714285, 0.30304878048780487, 0.15384615384615385, 0.8974358974358975, 0.8478396994364433, 0.35714285714285715
0.3545816733067729, 0.6153846153846154, 0.7232142857142857, 0.5780487804878048, 0.7692307692307693, 0.5982905982905983, 0.49906073888541014, 0.2857142857142857
0.3107569721115538, 0.23076923076923078, 0.0, 0.006707317073170732, 0.0, 0.5213675213675214, 0.4232936756418284, 0.21428571428571427
0.30677290836653387, 0.15384615384615385, 0.22321428571428573, 0.26097560975609757, 0.23076923076923078, 0.1794871794871795, 0.19348778960551033, 0.14285714285714285
0.30278884462151395, 0.5384615384615384, 0.5, 0.4067073170731707, 0.38461538461538464, 0.49572649572649574, 0.5009392611145899, 0.21428571428571427
0.30278884462151395, 0.6153846153846154, 0.5089285714285714, 0.5567073170731708, 0.23076923076923078, 0.38461538461538464, 0.4664996869129618, 0.2857142857142857
0.2908366533864542, 0.3076923076923077, 0.4107142857142857, 0.5054878048780488, 0.6153846153846154, 0.18803418803418803, 0.15466499686912963, 0.21428571428571427
0.2749003984063745, 0.5384615384615384, 0.75, 0.6469512195121951, 0.15384615384615385, 0.3162393162393162, 0.24733876017532874, 0.07142857142857142
0.27091633466135456, 0.5384615384615384, 0.20535714285714285, 0.14512195121951219, 0.0, 0.5555555555555556, 0.5898559799624296, 0.42857142857142855
0.26294820717131473, 0.3076923076923077, 0.5803571428571429, 0.47012195121951217, 0.23076923076923078, 0.46153846153846156, 0.6123982467125861, 0.5
0.2589641434262948, 0.6923076923076923, 0.4017857142857143, 0.36341463414634145, 0.7692307692307693, 0.13675213675213677, 0.12773951158422042, 0.0
0.2549800796812749, 0.23076923076923078, 0.49107142857142855, 0.5426829268292683, 0.0, 0.4444444444444444, 0.43268628678772697, 0.21428571428571427
0.250996015936255, 0.07692307692307693, 0.1875, 0.2073170731707317, 0.3076923076923077, 0.017094017094017096, 0.01878522229179712, 0.0
0.24302788844621515, 0.15384615384615385, 0.3392857142857143, 0.22073170731707317, 0.15384615384615385, 0.11965811965811966, 0.07952410770194114, 0.0
0.24302788844621515, 0.38461538461538464, 0.45535714285714285, 0.3603658536585366, 0.23076923076923078, 0.6666666666666666, 0.654351909830933, 0.42857142857142855
0.2350597609561753, 0.23076923076923078, 0.375, 0.3152439024390244, 0.23076923076923078, 0.4700854700854701, 0.5172197871008141, 0.14285714285714285
0.23107569721115537, 0.38461538461538464, 0.6696428571428571, 0.6158536585365854, 0.3076923076923077, 0.6239316239316239, 0.6775203506574827, 0.07142857142857142
0.22709163346613545, 0.7692307692307693, 0.6428571428571429, 0.47073170731707314, 0.7692307692307693, 1.0, 0.8472135253600501, 0.42857142857142855
0.21912350597609562, 0.15384615384615385, 0.15178571428571427, 0.18048780487804877, 0.15384615384615385, 0.08547008547008547, 0.09705698184095178, 0.14285714285714285
0.2151394422310757, 0.23076923076923078, 0.375, 0.28353658536585363, 0.15384615384615385, 0.5384615384615384, 0.4746399499060739, 0.35714285714285715
0.199203187250996, 0.15384615384615385, 0.03571428571428571, 0.060365853658536583, 0.0, 0.1452991452991453, 0.1859737006887915, 0.14285714285714285
0.1952191235059761, 0.3076923076923077, 0.044642857142857144, 0.018902439024390243, 0.07692307692307693, 0.20512820512820512, 0.2097683155917345, 0.07142857142857142
0.1593625498007968, 0.6153846153846154, 0.33035714285714285, 0.26890243902439026, 0.15384615384615385, 0.4444444444444444, 0.40513462742642453, 0.0
0.1593625498007968, 0.15384615384615385, 0.008928571428571428, 0.004878048780487805, 0.0, 0.15384615384615385, 0.1596743894802755, 0.0
0.1394422310756972, 0.3076923076923077, 0.25892857142857145, 0.1951219512195122, 0.23076923076923078, 0.42735042735042733, 0.43206011271133377, 0.35714285714285715
0.13147410358565736, 0.6153846153846154, 0.32142857142857145, 0.275, 0.15384615384615385, 0.5470085470085471, 0.6512210394489668, 0.42857142857142855
0.11553784860557768, 0.0, 0.7678571428571429, 1.0, 0.6923076923076923, 0.4188034188034188, 0.5034439574201628, 0.35714285714285715
0.099601593625498, 0.46153846153846156, 0.4732142857142857, 0.3823170731707317, 0.15384615384615385, 0.5299145299145299, 0.4164057608015028, 0.21428571428571427
0.09561752988047809, 0.3076923076923077, 0.0, 0.0, 0.0, 0.10256410256410256, 0.13149655604257984, 0.07142857142857142
0.08366533864541832, 0.15384615384615385, 0.29464285714285715, 0.3432926829268293, 0.0, 0.3504273504273504, 0.4364433312460864, 0.21428571428571427
0.08366533864541832, 0.46153846153846156, 0.0, 0.0012195121951219512, 0.0, 0.008547008547008548, 0.01628052598622417, 0.0
0.08366533864541832, 0.07692307692307693, 0.10714285714285714, 0.06585365853658537, 0.0, 0.0, 0.014402003757044458, 0.0
0.07569721115537849, 0.3076923076923077, 0.1875, 0.12804878048780488, 0.15384615384615385, 0.5299145299145299, 0.6230432060112712, 0.6428571428571429
0.07569721115537849, 0.46153846153846156, 0.3125, 0.3353658536585366, 0.38461538461538464, 0.008547008547008548, 0.0, 0.0
0.06772908366533864, 0.23076923076923078, 0.33035714285714285, 0.2396341463414634, 0.3076923076923077, 0.24786324786324787, 0.1628052598622417, 0.2857142857142857
0.05976095617529881, 0.46153846153846156, 0.16964285714285715, 0.12682926829268293, 0.0, 0.4017094017094017, 0.3187226048841578, 0.14285714285714285
0.05976095617529881, 0.5384615384615384, 0.3482142857142857, 0.3597560975609756, 0.15384615384615385, 0.5042735042735043, 0.4884157795867251, 0.21428571428571427
0.05179282868525897, 0.23076923076923078, 0.5267857142857143, 0.5378048780487805, 0.3076923076923077, 0.3247863247863248, 0.36505948653725734, 0.21428571428571427
0.043824701195219126, 0.9230769230769231, 0.36607142857142855, 0.27195121951219514, 0.15384615384615385, 0.3418803418803419, 0.35817157169693176, 0.5714285714285714
0.0398406374501992, 0.5384615384615384, 0.13392857142857142, 0.19390243902439025, 0.15384615384615385, 0.1111111111111111, 0.1289918597370069, 0.14285714285714285
0.0398406374501992, 0.5384615384615384, 0.32142857142857145, 0.27378048780487807, 0.15384615384615385, 0.24786324786324787, 0.2536005009392611, 0.07142857142857142
0.035856573705179286, 0.23076923076923078, 0.4017857142857143, 0.4201219512195122, 0.38461538461538464, 0.42735042735042733, 0.4633688165309956, 0.5
0.027888446215139442, 0.07692307692307693, 0.1875, 0.15060975609756097, 0.15384615384615385, 0.07692307692307693, 0.052598622417031934, 0.07142857142857142
0.027888446215139442, 0.23076923076923078, 0.044642857142857144, 0.03353658536585366, 0.0, 0.0, 0.003757044458359424, 0.0
0.027888446215139442, 0.3076923076923077, 0.07142857142857142, 0.045121951219512194, 0.15384615384615385, 0.13675213675213677, 0.13838447088290545, 0.07142857142857142
0.02390438247011952, 0.5384615384615384, 0.19642857142857142, 0.27439024390243905, 0.07692307692307693, 0.1623931623931624, 0.1696931747025673, 0.07142857142857142
0.02390438247011952, 0.15384615384615385, 0.35714285714285715, 0.27987804878048783, 0.15384615384615385, 0.4444444444444444, 0.4045084533500313, 0.2857142857142857
0.01593625498007968, 0.46153846153846156, 0.13392857142857142, 0.11829268292682926, 0.23076923076923078, 0.0, 0.010644959298685034, 0.0
0.01593625498007968, 0.23076923076923078, 0.33035714285714285, 0.2951219512195122, 0.15384615384615385, 0.05982905982905983, 0.07764558547276143, 0.07142857142857142
0.01593625498007968, 0.3076923076923077, 0.17857142857142858, 0.1603658536585366, 0.15384615384615385, 0.26495726495726496, 0.27238572323105825, 0.2857142857142857
0.01593625498007968, 0.3076923076923077, 0.017857142857142856, 0.03536585365853658, 0.07692307692307693, 0.017094017094017096, 0.027551659361302442, 0.0
0.01195219123505976, 0.15384615384615385, 0.25, 0.19695121951219513, 0.15384615384615385, 0.017094017094017096, 0.013149655604257984, 0.0
0.00796812749003984, 0.15384615384615385, 0.125, 0.09085365853658536, 0.0, 0.042735042735042736, 0.05385097056981841, 0.0
0.00796812749003984, 0.23076923076923078, 0.0625, 0.048170731707317074, 0.0, 0.1794871794871795, 0.19348778960551033, 0.14285714285714285
0.00398406374501992, 0.15384615384615385, 0.42857142857142855, 0.4115853658536585, 0.23076923076923078, 0.03418803418803419, 0.01628052598622417, 0.0
0.0, 0.23076923076923078, 0.15178571428571427, 0.21890243902439024, 0.15384615384615385, 0.08547008547008547, 0.14777708202880402, 0.21428571428571427
0.0, 0.6153846153846154, 0.008928571428571428, 0.0, 0.0, 0.05128205128205128, 0.038822792736380715, 0.0
0.0, 0.3076923076923077, 0.25, 0.1847560975609756, 0.07692307692307693, 0.3418803418803419, 0.37883531621790856, 0.35714285714285715
0.0, 0.23076923076923078, 0.125, 0.1048780487804878, 0.0, 0.24786324786324787, 0.20225422667501566, 0.0
